1549894
507122328869
2097754297234
2753833
2753819
2753832
2377458
2609912
11722801265077
2760454
1550010
2377473
1977891806096
1308444568118
2377464
1494570
2759699
2377455
2777041809844
1549919
21030432074241
2609917
6767952279325
2760475
2753824
1323677
1812565
1494577
2377472
2377412
15109842696266
2377450
2377417
1550009
1012305
2377454
2377465
20443332556177
1494568
2852002007572
17575301976522
2609907
6221032755299
2377411
2760451
26162381489349
1409488
677274
2609916
2760474
2760456
2004523299168
2760492
2753828
1551054
1494564
1494562
1509068
1550526
25499112102908
1549893
2760481
	2546368
2428593
26207222738235
1494569
1550004
1674260
184606
2722916
20746561827306
2377471
1409500
2753823
21026561816818
2760452
23811772010681
2717381
2760477
1135827
2377425
2760476
2073692
2609910
2377456
1494576
28141922846098
2493935
28267162618688
2753821
2609914
2760485
183481495257
2377416
2377409
573925573323
2377421
25019721973928
1409498
2377457
1494565
1293433
2609911
2123713677277
1773200
1509067
2377414
2377422
567197
26764742688926
1509066
2377466
2377449
2715935268893
22804312284857
2377463
2693200
742744
1773201
2377462
22976892839802
2609909
2689835
26350202341079
2377413
24318642101211
2377460
27974982781606
2756715
2377410
1182982
2633273289883
2673982
2377420
2673983
2671270
1549992
1409513
40447
2753831
17737281391494
22781681418567
2267746
2760480
2377459
1773203
1761834
1494563
2717380
6231451455114
2377461
20561201996372
4196222020706
1550120
2341060165422
2753826
27386211885229
27609592760993
2377419
2753820
2377415
2760478
1277494
2011300 
2377453
1550523
15411722627775
662779
2753822
1550341
1550006
2575115245305
13957582614023
2753825
1494571
2609915
1550525
2753829
1550000
2760491
791523
1494574
2760493
1288486
1810505282317
2609913
21022961532596
2753827
260721
1494572
2760490
25589222740092
1494566
2760479
25456212693206
1773204
2377424
1550520
1550122
7490241846250
175147 
294359244401
20314302847341
2377423
1550812
2753834
2753830
2753818
1494567
196840
1773202
1540845
1550003
662778
1494575
2377426
2609908
1453470391759
1409461
2760482
2377418
1773199