2853555
239769
2630577
713965
573145
2100462
2386906
2675300
2798041
1755661
1271827
328256
2749041
1486616
2758812
967358
1887428
2749719
452965
2056447
324227
1549894
2696361
2626816
2101040
1512361
2856326
2561056
1772815
1821630
2332640
2011088
1761561
2284855
2755856
1816515
2826187
2802657
1871453
249776
47506
1841855
1431547
2286635
675165
1575731
1408188
2723110
2813201
2711768
1506722
2750982
2656732
278243
2613020
282908
286764
2660593
2757409
2832040
1387354
2286918
1989910
272853
2008547
307895
2004513
2292782
2389569
389375
507122328869
616054
570010
2246576
1878058
2363401
2490036
1495484
2097754297234
1407461
184408
2695261
505446
571788
2568073
2639709
2753833
216362
2670344
2753819
567830
2660717
2369794
1431214
1790858
2638493
2753832
2292464
2653751
568410
2784669
2377458
1972072
721344
576461
2292307
2772613
2609912
973401
11722801265077
1948373
1450496
722445
2794166
857968
2639351
2756427
2760454
1550010
294290
477469
251148
1198377
2377473
2699280
299683
1829191
140989
239356
2570359
1712044
1320140
2773536
1977891806096
331792
2087163
2739288
2795143
1827448
2275634
2756595
513650
2713682
1386930
2761189
233557
2350821
1776103
2782425
1308444568118
256584
670573
251805
2629745
348071
2377464
2626928
2616117
337369
2377582
296852
1541025
1494570
2277673
2556035
2797330
2557835
2284578
2683993
232893
317692
328501
1818638
2101120
2277009
479278
2351469
2689340
195978
2377455
2310200
1039943
267516
674447
2865753
1129495
293341
1820224
2655649
2694234
2832497
2777041809844
48299
1756956
2423736
2783119
1401720
250710
286722
1461767
295452
1660187
964403
2614582
786713
723085
254608
586223
1549919
1196369
2641766
2625431
2543112
2618799
2608020
2724134
568524
305304
2696372
2489063
2631045
2714617
1546968
2279410
329149
2765447
21030432074241
1816681
2606558
217925
2338564
1288318
1040051
1293457
1984497
2609917
1564674
1808726
2284869
781942
2568815
1812047
2006558
2100647
2005703
576158
1551320
2755895
622176
105695
571586
2572858
2667659
2378726
1185911
1847697
2288222
671322
288028
586348
1042898
474995
2739515
1574722
2760371
40180
6767952279325
137111
1271922
1674654
2001233
780981
2763440
2760475
571908
2856774
2093250
304975
266378
1040524
2753824
2358698
105229
2069110
1425386
2355765
1453121
2011302
673461
663722
1323677
2567059
1807780
1193473
1494577
2286090
2677859
754776
105738
1818143
2674199
134284
2423776
1498270
1401619
2722186
1246122
2575639
2024442
269251
2273423
2282746
2571665
455606
225682
276999
2097954
672379
2426994
1942392
1787228
1816650
571350
2007250
615630
478928
2760772
2276624
1193470
2024270
2724970
1213909
2275424
42263
231583
2784102
2350528
1129476
2377472
2293008
2698755
1833448
2612957
318086
142617
851184
2377412
254075
2722720
262910
2657764
2612442
2642161
15109842696266
2568845
319032
2377450
1992805
2511310
397399
2786340
2377417
1541115
322618
2102717
2387050
2288215
198545
255692
2798001
1550009
2122781
2606159
1827315
199080
574360
2104992
1236878
2632611
2022905
2009186
2013762
2377454
2798834
236840
2685142
751248
2026787
1996761
2695527
300723
2837165
328940
272166
232683
455914
1815113
2642184
47264
2377465
281907
1197086
2276810
307257
1191053
1833372
1560396
1561742
2320239
1817650
1836371
2802660
113217
2069078
20443332556177
2843981
2701535
328374
671784
1552065
568246
2805519
1555648
46475
2572767
1494568
2773435
1531368
242496
2865278
1561759
721435
2010943
2852002007572
293531
2837188
2103907
2689240
2690009
2283443
2369881
244515
1412228
2423711
1407472
1756932
131059
1079126
2363729
574368
255492
1515502
17575301976522
281380
1812318
746833
55958
2801220
1172227
2267835
1294582
1816825
2027475
1917907
2684068
2273938
1775470
2763514
2609907
2356413
251615
2563676
351726
6221032755299
2377411
2101733
2618379
2723418
612496
2034918
2353184
1817962
2633346
348195
2350111
967359
2677674
575284
612457
331453
2101516
2760451
271072
1755133
272627
386649
2267687
26162381489349
1834696
2285966
576364
1409488
2288636
295652
592368
2690505
1971617
152523
2378387
1811973
622094
2759657
1972070
2050053
1963720
283637
2609916
1194448
2689319
280729
807712
670413
613066
1840998
2803976
2692575
1995772
2705201
1215146
2796148
2560527
791367
964055
2277572
2846121
2429107
58252
2701034
622666
674192
1387609
331549
2692250
2282250
348846
186338
340696
233674
2803094
566521
2104046
2605505
1413831
2761061
2803398
721608
542595
1041206
1387454
2286136
287571
2389462
809944
1172343
1535108
2862552
2007037
2683530
2571470
2102422
669857
1845784
1948416
1937802
1451993
2760474
1446697
2080002
1755438
619191
1760449
2694125
2545904
2670772
1756826
1981255
2684040
988232
47222
1942518
2277574
2284065
2687838
1814868
2865668
305139
196105
1297013
2862512
2631002
2723048
391321
1575369
672474
1424851
2760456
2281237
2318019
1494762
2616384
2121619
2056822
2035122
2761945
723453
563258
615259
2832698
2606563
2103178
743003
57438
2843236
2022233
2716255
563059
589260
2004523299168
1814669
298108
2798458
2724087
2097778
1811804
1808013
1668682
1265862
668807
2655548
2563893
2760492
234751
1293135
1450273
199867
198266
195786
2753828
277227
1020387
2284173
344231
197882
2690811
1396033
2029859
1551054
2568405
1500031
1949099
2625237
617604
2696455
2633919
2011060
2716220
2695608
2050080
1494564
2711988
2797483
1494562
592397
1079922
1509068
2287111
2754866
2095369
508347
1550526
2257003
2751215
25499112102908
2544414
515294
2292357
258804
131119
1500767
304618
576362
1215041
2798279
454099
1193710
2468196
2755000
2293622
2366790
2670728
239686
571897
1186887
2073626
1806522
331472
1775443
2738084
262551
1549893
564994
2544445
1456833
2798035
1809861
570661
2847301
2576886
2760481
2612038
2605376
1189619
	2546368
587524
2605369
250000
2428593
452526
1128230
230265
1820809
199229
284399
2714281
2357234
1815226
274773
2738038
1807997
2295983
246161
670887
2847296
2657241
26207222738235
1494569
2762292
2569098
1550004
1766426
2273671
2719102
505886
2022154
2024289
1555747
2470134
590733
2555584
2639886
2765574
565782
2723674
2750783
2008490
2782913
27005
1448682
1450203
111828
1493239
617746
384129
2281970
2122835
234244
2699839
2204103
2469183
2685657
1759517
452754
2845586
592475
669469
2798308
2751726
2098880
2823039
2689568
2839273
613035
2849501
2097790
2641606
853561
2759186
2797477
2295760
2292556
2621954
2723840
1858976
2571237
20746561827306
2278269
1468365
2255570
1847251
2566372
1211767
2567550
1835328
2035131
2667615
1755456
1008584
1845838
2635192
2759956
2764204
228333
1560882
213705
2633398
2009265
2683266
2377471
1556634
722902
1928315
2351610
2751378
1829151
2779828
2098238
2763382
1409500
280990
264624
2283682
1500395
262073
571254
2839041
2288176
1039665
280388
2718164
242050
2830674
739532
2381295
1757523
292255
289563
1673210
1540830
2278971
740477
1397304
1816592
997176
784125
1758703
2374587
2687212
2287289
563746
972835
474037
1449753
1293965
738907
2374438
2102578
1532462
2319690
1265889
2627508
1805366
2753823
1822227
568643
217448
1758310
573393
21026561816818
1470374
238004
1494230
2760452
1827407
1128482
241695
2695791
673806
1972957
142502
23811772010681
1971974
2100448
1508292
317255
2008578
2717381
2689103
329621
569489
2618712
2066731
739378
2389827
1506713
615203
1531228
1859150
2797038
2832015
984942
2713712
1014550
1845747
189409
2762061
1811987
2760477
2099633
2630343
2716223
1453904
2006666
1873800
301343
786697
1814176
568498
2639730
1578973
1135510
1316007
243117
1041686
615880
2633905
2756621
722785
1810392
2475049
2316727
2278833
2284902
734182
1493440
1823876
2795767
2641950
612500
2073579
2798249
1491711
2035474
961676
298321
42586
280326
1995739
323523
2553463
562493
1816349
2784630
308917
2754051
1452278
45475
1775540
612174
2273994
2377425
2760476
2055774
1827498
1493400
2246681
2103758
2801146
973316
45757
187602
2356643
2502128
567505
1387471
304873
2280567
2754780
2657667
198549
280704
2428571
2763957
2288044
779987
2797625
1672136
1265882
2563854
1822216
2609910
2377456
112153
1448848
1494576
317402
28141922846098
2628170
451271
2333234
2101629
2826770
2255700
264563
2428634
2100919
1776521
2575696
1810825
28267162618688
576654
2287937
2852447
2474323
132823
1574764
2560631
2610392
1674888
2279963
2621022
2764972
2554004
2689500
2683013
2813376
2843270
1776519
2761359
298531
2852682
1449446
2753821
515788
239998
2671704
200008
347395
2614789
1246066
239928
2356165
734131
2632146
2086886
2609914
1811220
658093
2803173
2760485
2475108
172141
671071
2356390
805928
2614024
2773717
2623885
2641810
1776240
671388
294816
2566315
183481495257
2852092
2246653
574155
2851897
474252
1929689
1446272
2626738
2618622
2278276
566720
1561871
2099718
474033
2657679
2845391
2671241
1808093
747926
2848532
479536
2656813
2750201
2566956
1981293
2377416
79661
2668950
617569
2772587
2756022
2027358
2310211
2685745
2752845
1183189
225599
2353836
2377409
280426
1979111
1508240
784166
2865215
2641992
2286485
2281637
1327431
1811558
1500034
2494765
570817
783329
2700658
1996115
2457959
1848226
658239
2782559
1397337
573925573323
1129435
2377421
340653
1967552
2012102
1813072
2612075
2278391
972947
569375
2685594
2097829
244965
2575889
2701639
238136
2286082
2757367
257099
2057120
1494675
41731
2204159
25019721973928
138199
1293151
2738023
259119
1409498
1842141
721861
2813545
2554258
2610052
721960
2690029
298317
2377457
2761919
2571187
2031374
2755111
1494565
1815332
808635
1807466
2849016
672862
1819818
2609911
533678
1980337
2123713677277
2655669
2803901
1185130
1404024
2121622
2073664
328898
2797058
2696614
805924
2783829
1806969
2282177
2667626
2845042
252276
476726
2567304
1773200
1509067
1042900
2724164
2634990
2803993
2066603
2102757
2361481
2445378
69394
2377414
2760053
1413615
972696
2099500
2701217
2103701
575490
2470174
328327
2640761
2748894
612312
337430
2004237
1044609
334783
1873772
2363041
2035267
2010568
1404430
1574562
2659091
2839122
2277171
2377422
1816925
2048626
2206260
2740187
1841627
26764742688926
1187098
302891
1272694
1489308
1929041
2615023
1502330
2756030
2542295
1766144
301733
568123
754495
1295858
2099596
225485
280198
668131
1243478
1841633
38809
2543990
2047846
323942
2250453
241815
2387030
2339265
2689948
537366
622513
196378
2281620
588748
2761252
2086579
2836942
335767
197720
2251551
1992565
286943
2279087
176372
739528
669555
2721026
1276119
669421
1873593
2471822
2277730
2112553
1971907
280909
2281466
2351449
2381353
674863
1831730
2363761
38298
2692262
1509066
2377466
2738295
2377449
2853431
1446320
2795050
1387528
1532679
1847210
2823704
234204
1129426
275803
2766891
2715935268893
2635040
2066829
719372
22804312284857
1967108
472165
2377463
2088711
571578
1670957
301539
2281815
2699338
671606
344646
2275038
670439
2033492
2826150
1196997
2756821
2681255
529524
1197215
2760874
1773201
1540540
723342
2377462
22976892839802
726670
586974
1931493
1847969
2670796
2281838
1820706
1448871
677709
2366824
2677839
1175270
570467
572126
1129930
2609909
1809466
225759
1660259
2056630
2097980
2545720
195430
2671511
1416094
2575604
2627473
2428532
1493481
1110657
2782954
2494007
1994202
264247
326433
1443779
2390228
291059
260290
2694984
2080026
2762017
297572
2101731
26350202341079
1452220
2832070
592431
2502053
2088513
2612946
2377413
2445283
2055326
2629855
2386741
2323521
2354545
1833315
277028
2102169
1411567
2692798
2288132
2700216
2681148
2677404
2278256
1040729
24318642101211
2320269
1193184
2005649
2613147
2567763
1450522
1660616
321409
2340999
2843589
2103172
1660583
2377460
671190
27974982781606
1500601
1131080
2606643
567077
671772
2377410
301620
259890
578103
2024380
1976429
1471211
2612069
2097737
2633273289883
1819330
1810131
112138
1215293
1130713
2673982
2287580
1517711
2098791
272652
736774
2122070
669979
2613099
1758666
2086795
1853292
2295692
197511
2101332
567049
2554272
1976528
2287675
321976
99891
1442740
723183
2267244
584449
2285775
983979
748280
340369
2323804
2377420
479344
574417
336258
2653828
2803823
2684637
2560457
1470825
260068
686819
2749906
2673983
2008494
2671270
355480
2560271
2639511
2699747
2363358
2102629
1549992
300249
723564
2575133
2614493
1409513
2681085
73839
2704706
349085
472888
2751432
2719021
992621
1042855
1128659
2753831
754751
2740180
17737281391494
2514713
2470159
2765540
1841771
586338
2639953
2369256
1421210
1878061
255187
169127
2318013
1215222
2424205
2755021
1996046
2277573
1950384
594698
22781681418567
2853482
1256932
300226
1873869
2011397
1757468
1873209
2551963
1999168
1828957
2088548
2498397
2103318
1327476
2760480
608773
198919
568585
1129918
2381284
566772
2670378
2625794
2689915
64240
567559
2759190
2710216
2655453
2567049
2826475
1290015
2377459
1773203
2685978
2752069
965010
325496
1452323
586426
387235
2567790
2469162
248495
1761834
528571
290365
292303
1791370
2750871
1129455
2694802
2621047
2567968
675203
1976439
2793582
476018
1791380
1500852
336663
2359122
2007575
2716179
328425
1816466
1494563
1040734
291685
256359
2717380
6231451455114
1246287
2862767
2280389
2277686
1247522
2656802
280224
2723760
1785842
2113512
622820
2505587
120816
2377461
2073903
259482
59131
1423084
2499171
20561201996372
677588
4196222020706
2710710
1976462
2576735
2384172
1500710
2612194
2491863
27685
2738264
1294686
2267398
2692138
406691
2281383
1550120
1833466
2279630
2568158
2748620
455302
2632425
2714111
241382
238826
1462579
2557380
2642204
2076833
2677351
1404250
2341060165422
2104057
2576692
2572711
2756760
2846597
198188
2068964
6026
1250978
2826491
2099443
1129866
962540
670198
2009180
1496281
1541162
1193585
266832
2458056
586867
2637804
2696349
1776396
2279510
2104884
39226
2677630
1518446
1792163
1040746
1870161
2753826
2671855
2056355
334828
2468108
27386211885229
1843815
1816974
2677051
2121891
2034965
2718560
2674062
2277718
623015
786667
27609592760993
2803893
1819597
2798621
2802917
2296385
669838
2377419
2381088
1845639
2482367
1847758
254670
1825334
677406
477612
2709253
578096
260167
2639529
311129
2073721
2753820
2567696
2377415
2722224
283147
185165
1500830
225479
2760478
279389
2098066
236174
2756570
2627940
2011300 
1664566
2576711
2615868
673413
2323848
2276190
2756046
8482
1766139
2033567
1996004
2546456
1810039
2658005
1844100
2856268
2033155
2625288
564301
2377453
2695479
1550523
325121
1845493
1128529
2699503
740394
290653
2764283
2546417
35473
2689020
298594
1812212
2286704
2008822
15411722627775
2716256
74528
662779
1128403
2657957
2722579
2338563
2753822
1766253
309149
1819311
271748
789131
2351339
303692
2354245
2021824
2713721
2756644
2688011
299678
1550341
2276792
2546428
2689768
1811311
2388032
2389864
578349
2784205
2502130
2639727
109153
1819959
1455168
1550006
2488469
2005056
1972801
2284872
1984591
1760213
2575115245305
2630444
2099555
2282218
283136
1316665
2685222
474038
1807267
1758529
2773534
28750
2319618
2740167
13957582614023
592684
225418
1986339
1295484
2283642
1452132
2287494
1327419
2571402
2670128
2687858
2630371
2055534
2612839
964143
1973919
2753825
564008
41823
1215253
672822
2635036
2653851
2760686
2097918
2098774
1494571
1809480
2609915
1130452
2798548
297861
244135
2718563
2073802
2694523
2723525
426261
1814630
1550525
735929
1873656
2112551
1250543
2708971
2105169
2781585
2753829
2458972
329278
516070
2696206
2369295
2759212
2698998
2555044
1845582
1041040
2354303
1550000
987788
1412378
987804
1317304
2855110
1129311
1671064
2660545
2760491
2102642
2853578
1753272
767969
2615932
2610121
298398
791523
1494574
331292
2469894
1809002
2281400
252744
965352
255521
281012
666556
2087164
1758107
75234
2760493
271846
2568290
1470449
2079992
2273795
2630547
2361598
470691
592437
1237593
2559213
2692132
475547
613456
112015
1499966
2049448
1974840
1288486
1717521
1972102
2005036
2781549
2685733
567200
1674925
1674700
398035
1810505282317
815609
2287019
589441
2256569
720519
2491965
2010772
2035297
667576
1276104
2480422
1976225
2609913
2701971
2634592
2121887
2012467
1200756
1546938
2762180
2282599
21022961532596
2753827
2630779
613005
39815
1212257
2748489
2286182
1668670
2253340
1494572
722751
2297434
2760490
2617867
2317488
273699
2623126
2632053
574307
1821930
1809798
1760486
1448588
2267432
1819564
2570657
1765445
2100372
1835286
2034592
75859
2862419
2022963
1541119
260264
2338538
2614709
2653787
2823672
25589222740092
1190042
1494566
2832687
2284778
2760479
2571743
2705167
2002696
293891
1402000
2725810
2088529
2009450
2295733
258209
25456212693206
1431116
1431531
2101696
1402501
1773204
254038
2754752
2782519
270585
2693160
307310
2377424
2014002
563161
286504
589720
1183289
1214848
1292837
2683436
300685
2688549
618777
2792907
2792684
243713
2752892
2542092
1550520
747385
563171
137307
1972267
2612226
2498887
1136370
474036
2281120
613084
2758854
2098108
1550122
7490241846250
594642
516459
302260
2358707
479049
1760296
2514670
1237973
2765001
2685463
1449757
2476167
2356323
2865591
475874
1996749
175147 
668977
612388
533760
570407
571150
2821698
2275074
1814727
583611
2671643
2281091
273014
1817043
151611
471155
1514421
2423727
739351
293742
319408
2066771
1129911
573912
252215
2275093
1806681
1135378
74345
1811768
673369
225858
2628825
2614765
1490937
2839066
294359244401
2098799
2696172
2724202
2353829
1802948
2773520
20314302847341
2567124
1387262
2377423
2693474
1111659
781794
754709
2756877
617323
1295049
452992
1471597
2059815
2570344
2103518
1971947
2292273
1716589
260479
1816787
2269133
1550812
188348
2677201
592691
257488
2721119
334826
296595
68534
2693202
1128474
386482
2613002
1827479
2864247
1952405
2753834
2030930
2864238
2693157
225364
2373945
2753830
592405
2121869
1471801
2487414
478998
75516
1498665
1996537
2753818
76764
2381418
261812
2276511
2293232
1833978
2034906
41740
323974
2865335
66328
2667660
1494567
2008813
1809421
605634
1754367
100371
871323
2846455
2073528
2350227
300164
2287786
2760935
1326075
2656737
239799
2576887
2700405
299525
2852259
329158
2388193
2805129
2695236
2269120
151939
1773202
2459008
2005012
304284
331603
2865925
2100336
2687248
2684364
572801
1948199
2357189
1873907
2502077
294009
1411108
262218
1849644
2675081
997455
748788
1550003
36560
2491790
2680091
2618885
2554402
2749770
295761
2698400
2614130
662778
2739120
15801
455597
2761671
1198269
2287263
985188
1494575
1787304
570897
1871405
2614068
2268144
2270389
658025
2823706
1395969
2796940
2865749
18737
1293942
2606559
41926
2683511
2377426
1111067
2609908
747336
1816303
2761504
2310227
2318005
2658171
253371
1016802
2293375
1453470391759
1843055
2827726
2630550
1397392
2567194
1758349
2698968
586211
2471816
2102106
2710207
622969
2625216
2763372
1194852
671701
1541187
185613
2556012
305021
1131278
673877
1831463
1294414
2844903
2022296
613847
153142
964070
2277036
1549808
2103124
1409461
2570980
2760482
2555585
1215059
612122
2740566
455358
271716
324388
2852436
71341
1494281
1411120
2553975
1671144
808778
2377418
2473958
672264
2640131
280932
1551294
2709486
658124
2640696
2813373
2570801
1524934
2282402
2284677
292005
2571657
1039767
328886
1489337
2853251
791465
2754790
1773199
1130547
2722400
2659582
2701736
1973168
1833219
1452864